4.958429
3.385482
6.055875
1.968135
0.2729581
2.720168
3.016062
5.128531
1.96201
3.978894
4.381336
1.322114
5.821978
0.4195855
0.9894727
3.572983
2.993083
2.561739
6.160042
0.8356197
4.946208
0.2832314
4.624314
1.184909
5.593437
1.83727
3.577572
0.6511518
5.233612
4.071274
2.048762
3.279946
 
5.440082
2.913836
0.2467739
3.488773
3.600701
1.225449
1.178433
1.214525
4.458415
2.064529
4.248908
1.429467
2.100349
4.33387
4.401257
5.634151
1.413556
2.826911
2.709067
6.008996
3.478429
2.323418
1.010331
4.551695
0.370914
4.114725
5.324412
4.701785
2.094633
0.8425629
3.80745
4.946356
 
-1.667428
3.660606
7.588344
2.185237
9.580856
2.431163
-1.991887
3.693013
6.21815
-1.003998
7.915862
4.702499
7.978604
2.992114
-1.384448
6.355023
-0.1327692
7.740337
-1.555862
-3.126723
4.652164
8.971493
-1.773214
-3.322956
8.13186
9.658893
4.44446
8.008952
1.699088
9.611648
0.2652342
-0.4070413
 
4.784738
3.842461
1.035104
1.908365
3.301883
2.161275
4.533907
3.883422
6.183583
5.35914
1.442134
4.850127
1.485509
2.824677
4.999184
0.01739104
6.144887
1.243522
4.86893
3.07456
4.812182
2.400639
4.704994
2.776481
1.59146
3.42751
4.65561
1.50649
1.488046
3.351453
0.2323272
5.982434
 
5.187645
3.487555
1.296525
2.648119
5.899619
0.9455248
4.46847
3.600939
0.1212568
5.57309
2.338195
4.171827
1.892174
2.965463
4.737419
0.4432265
0.1816639
1.440781
4.065243
5.998171
4.510524
0.8492453
5.333848
2.99845
2.366613
3.601401
4.788212
2.000496
1.922324
3.480459
0.6170937
5.526756
 
3.961564
4.154474
6.317732
7.592117
5.783724
4.748027
1.110982
6.643601
2.470558
7.394403
2.921829
1.961783
0.7787148
3.196931
5.019992
0.1210763
5.047934
3.629538
6.364348
7.156543
3.460424
4.857118
7.701156
4.073855
1.530951
2.64628
2.42708
0.8678457
0.4648712
6.989092
5.632512
1.150321
 
3.857933
4.294034
6.021253
6.943595
5.638966
5.188008
1.58685
6.258159
2.567763
6.676641
2.548546
1.831828
1.315802
2.71015
5.276196
0.2570387
5.282256
3.224435
6.048411
6.619915
2.942397
5.224312
7.229782
4.104709
1.714495
2.590752
2.500727
1.411277
0.9467705
6.572652
5.501107
1.598906
 
9.415783
3.170126
-0.5952832
6.097367
-2.879098
3.319572
6.530828
-0.3787794
9.079531
-0.182423
9.287645
0.2389278
6.377846
2.812558
-2.907048
6.29233
-2.989918
9.254987
-1.238055
5.958207
9.198495
3.403726
6.248014
9.43639
0.3395418
8.839498
2.926955
0.3461295
0.1274237
-0.3238447
-2.413186
6.677295
 
2.02829
5.983767
7.361191
7.625381
2.969434
0.9565235
1.353347
3.133536
4.260424
3.905084
5.447354
6.412513
0.4311967
4.531537
6.9958
1.656282
5.671245
2.931482
4.277346
6.946222
5.310083
1.599328
3.119501
6.377731
1.371461
0.6890733
4.615385
7.767887
3.588985
0.2738736
7.086115
2.46456
 
1.414714
4.847971
5.890295
6.052649
2.065775
0.4753661
0.7506352
2.189117
3.379894
2.937939
4.521291
5.103773
0.3139321
3.714114
5.610373
1.029184
4.662941
2.033846
3.40129
5.564936
4.416307
0.9678476
2.178857
5.083014
0.7642517
0.4159753
3.79735
6.11659
2.562676
0.176609
5.680043
1.651597
 
1.885855
5.821343
6.66872
7.030901
2.541254
1.506268
1.661124
2.654273
4.542849
3.75017
5.36888
6.076472
0.8792117
5.115964
6.578759
1.748628
5.53642
2.547067
4.582588
6.533629
5.339109
1.733117
2.641902
6.056208
1.666675
1.219779
5.143867
7.404925
3.147061
0.5635853
6.603119
2.558515
 
7.653482
-1.618287
5.950318
6.148062
8.874825
0.3789028
7.2835
8.881768
3.152947
9.411633
3.654669
-0.3811536
0.1889074
-2.908033
5.842166
0.199168
-2.851206
2.126069
3.085875
5.992795
3.383071
0.1955786
9.187943
-1.881124
6.547423
0.1088955
-2.845257
6.179141
9.097349
0.03493392
-0.4033023
9.103473
