0
5.105088
4.712389
5.497787
1.178097
0.3926991
0.7853982
3.534292
5.890486
1.570796
2.748894
1.963495
3.926991
3.141593
2.356194
4.31969
1.963495
2.356194
5.105088
4.712389
3.534292
2.748894
4.31969
0.3926991
5.890486
0.7853982
3.141593
1.178097
1.570796
5.497787
3.926991
0
2.356194
0.7853982
2.748894
3.926991
1.570796
0
4.712389
0.3926991
5.105088
5.497787
3.534292
1.963495
5.890486
1.178097
4.31969
3.141593
3.926991
1.570796
5.105088
4.712389
2.356194
3.141593
1.963495
2.748894
0.7853982
0
1.178097
5.890486
5.497787
3.534292
4.31969
0.3926991
 
0.4084261
6.170254
5.223052
0.4189385
3.655513
5.470006
1.414722
3.255371
1.014969
2.681733
2.490788
1.093699
5.42922
5.811881
1.593189
3.546577
5.754776
4.292022
0.7213919
1.213
2.845882
3.932585
1.434612
0.4427347
6.163234
3.728781
2.195362
2.135396
2.135103
4.748978
2.804698
3.018304
3.357255
1.364361
0.1731548
4.765771
4.424928
5.720949
4.43748
3.043799
5.86222
5.689334
4.304134
3.137206
0.5742347
4.810604
0.04488617
2.309
5.343611
2.455346
0.5440861
1.767579
1.3002
3.450861
0.3392292
4.804203
2.458923
1.341914
3.081341
2.113138
1.152853
3.909732
5.143606
2.933376
 
2.356194
5.105088
3.141593
0
4.712389
1.178097
3.534292
1.570796
5.890486
3.926991
5.497787
1.963495
4.31969
0.3926991
0.7853982
2.748894
1.178097
3.926991
0.3926991
0.7853982
3.534292
4.712389
1.963495
5.105088
5.890486
2.748894
1.570796
4.31969
3.141593
5.497787
2.356194
0
4.712389
1.570796
1.963495
3.141593
3.534292
3.926991
0
5.105088
2.356194
0.3926991
4.31969
1.178097
2.748894
5.497787
0.7853982
5.890486
5.105088
0.7853982
1.570796
3.534292
3.926991
2.356194
4.712389
2.748894
1.963495
0.3926991
0
5.497787
1.178097
3.141593
5.890486
4.31969
 
5.60181
6.864025
6.013232
5.552094
5.883399
2.143
1.545499
1.005367
4.428937
5.54291
5.979709
1.247169
6.808071
1.405173
0.4969444
0.9741974
1.234169
4.948038
6.045861
1.346059
4.502998
1.749774
2.950215
1.641771
0.04889393
0.5802517
4.053437
7.570444
5.594716
5.104056
0.5551767
7.155082
5.254586
3.068567
4.528965
5.068086
7.125145
2.608711
5.164498
4.706699
3.691622
0.9586182
7.653793
5.817981
7.789762
0.9543324
1.163809
1.437003
0.3954582
0.228055
6.871463
5.394557
7.214501
7.941653
5.504953
5.488083
1.840046
7.725025
6.914794
0.5107079
4.213255
0.2063932
4.682549
5.030703
